20151231
20160426
20160213
20160511
20160108
20160328
20160314
20160323
20160119
20160329
20160412
20160221
20160217
20160124
20160522
20160301
20160502
20160226
20160322
20160123
20160112
20160306
20160310
20160303
20160402
20160111
20160313
20160404
20160413
20160417
20160401
20160121
20160229
20160408
20160107
20160117
20160218
20160501
20160118
20160425
20151230
20160228
20160411
20160503
20160125
20160415
20160427
20160421
20160224
20160109
20160513
20160521
20160429
20160220
20160127
20160114
20160126
20160326
20160222
20160403
20160302
20160102
20160517
20160105
20160215
20160508
20160309
20160325
20160504
20160331
20160113
20160509
20160324
20160430
20160308
20160407
20160428
20160116
20160104
20160106
20160115
20160416
20160506
20160225
20160409
20160424
20160423
20160122
20160304
20160510
20160515
20160219
20160327
20160311
20160330
20160410
20160520
20160307
20160216
20160305
20160514
20160103
20160101
20160507
20160223
20160414
20160512
20160420
20160505
20160110
20160128
20160214
20160524
20160120
20160405
20160419
20160519
20160518
20160312
20160418
20160406
20160227
20160516
20160523
